RBM + logistic classification result:
               precision    recall  f1-score   support

           0       0.66      0.69      0.67       115
           1       0.92      0.87      0.89       141
           2       0.80      0.83      0.82       170
           3       0.87      0.87      0.87       227
           4       0.80      0.75      0.77       173
           5       0.74      0.85      0.79       215
           6       0.84      0.89      0.86       183
           7       0.76      0.70      0.73       193
           8       0.86      0.84      0.85       216
           9       0.71      0.66      0.68       152
          10       0.73      0.67      0.70        92
          11       0.75      0.68      0.71       186
          12       0.83      0.84      0.83       152
          13       0.78      0.81      0.80       151
          14       0.81      0.74      0.77       152
          15       0.88      0.86      0.87       138
          16       0.78      0.79      0.78       155
          17       0.92      0.93      0.93       130
          18       0.81      0.78      0.80       188
          19       0.77      0.77      0.77       196
          20       0.74      0.80      0.77        92
          21       0.83      0.81      0.82       110
          22       0.80      0.84      0.82       305
          23       0.84      0.81      0.83       269
          24       0.85      0.89      0.87       269
          25       0.81      0.83      0.82       253
          26       0.82      0.83      0.83       185
          27       0.82      0.85      0.83       246
          28       0.84      0.88      0.86       221
          29       0.86      0.87      0.86       252
          30       0.88      0.89      0.89       215
          31       0.89      0.92      0.90       217
          32       0.88      0.85      0.86       204
          33       0.93      0.86      0.89       167
          34       0.83      0.84      0.83       140
          35       0.87      0.87      0.87       244
          36       0.94      0.94      0.94       156
          37       0.85      0.90      0.87       232
          38       0.85      0.85      0.85       301
          39       0.88      0.82      0.85       205
          40       0.77      0.78      0.78       328
          41       0.94      0.91      0.92       354
          42       0.80      0.80      0.80       185
          43       0.72      0.74      0.73       105
          44       0.72      0.75      0.74       114
          45       0.78      0.78      0.78       156
          46       0.81      0.81      0.81       130
          47       0.75      0.72      0.73       135
          48       0.80      0.78      0.79       109
          49       0.68      0.78      0.73        99
          50       0.81      0.83      0.82       110
          51       0.91      0.92      0.92       226
          52       0.86      0.73      0.79       142
          53       0.95      0.91      0.93       249
          54       0.79      0.84      0.81        93
          55       0.76      0.85      0.80       122
          56       0.79      0.79      0.79       116
          57       0.87      0.82      0.85        91
          58       0.80      0.71      0.75       106
          59       0.84      0.90      0.87       111
          60       0.93      0.90      0.91       126
          61       0.86      0.93      0.89       132
          62       0.83      0.78      0.80       121
          63       0.88      0.91      0.90       164
          64       0.95      0.95      0.95       101
          65       0.88      0.82      0.84       190

    accuracy                           0.83     11523
   macro avg       0.83      0.82      0.82     11523
weighted avg       0.83      0.83      0.83     11523

Logistic classification result:
               precision    recall  f1-score   support

           0       0.45      0.33      0.38       115
           1       0.53      0.42      0.47       141
           2       0.59      0.64      0.61       170
           3       0.63      0.59      0.61       227
           4       0.58      0.48      0.53       173
           5       0.51      0.54      0.53       215
           6       0.62      0.61      0.62       183
           7       0.45      0.38      0.42       193
           8       0.65      0.64      0.65       216
           9       0.42      0.32      0.36       152
          10       0.28      0.17      0.21        92
          11       0.30      0.25      0.27       186
          12       0.43      0.60      0.50       152
          13       0.50      0.54      0.52       151
          14       0.48      0.42      0.45       152
          15       0.65      0.62      0.63       138
          16       0.54      0.43      0.48       155
          17       0.55      0.78      0.65       130
          18       0.40      0.47      0.43       188
          19       0.31      0.24      0.27       196
          20       0.40      0.36      0.38        92
          21       0.48      0.40      0.44       110
          22       0.44      0.52      0.48       305
          23       0.52      0.54      0.53       269
          24       0.56      0.69      0.61       269
          25       0.48      0.55      0.51       253
          26       0.51      0.52      0.51       185
          27       0.58      0.57      0.57       246
          28       0.52      0.63      0.57       221
          29       0.51      0.59      0.55       252
          30       0.56      0.67      0.61       215
          31       0.62      0.67      0.65       217
          32       0.57      0.64      0.60       204
          33       0.57      0.49      0.52       167
          34       0.53      0.47      0.50       140
          35       0.63      0.53      0.57       244
          36       0.64      0.82      0.72       156
          37       0.64      0.64      0.64       232
          38       0.49      0.59      0.54       301
          39       0.65      0.72      0.69       205
          40       0.48      0.45      0.46       328
          41       0.70      0.79      0.74       354
          42       0.53      0.48      0.50       185
          43       0.49      0.41      0.45       105
          44       0.31      0.30      0.30       114
          45       0.42      0.62      0.50       156
          46       0.55      0.43      0.48       130
          47       0.47      0.24      0.32       135
          48       0.57      0.45      0.50       109
          49       0.46      0.27      0.34        99
          50       0.49      0.61      0.54       110
          51       0.67      0.88      0.76       226
          52       0.55      0.32      0.41       142
          53       0.72      0.79      0.75       249
          54       0.48      0.33      0.39        93
          55       0.49      0.33      0.39       122
          56       0.47      0.44      0.46       116
          57       0.52      0.66      0.58        91
          58       0.62      0.30      0.41       106
          59       0.61      0.42      0.50       111
          60       0.57      0.56      0.56       126
          61       0.56      0.68      0.61       132
          62       0.52      0.46      0.49       121
          63       0.72      0.66      0.69       164
          64       0.65      0.76      0.70       101
          65       0.64      0.51      0.56       190

    accuracy                           0.54     11523
   macro avg       0.53      0.52      0.52     11523
weighted avg       0.54      0.54      0.54     11523
